LT=[17,16,14,13,8,7,2,1,20,19,22,23,163,164,10,11,179,178,175,176,167,166,172,173,169,170];
RT=[139,140,142,143,160,161,154,155,148,149,145,146,295,296,157,158,272,271,275,274,304,305,298,299,301,302];

LP=[67,68,41,40,38,37,74,73,44,43,47,46,83,82,202,203,199,200,205,206,208,209,181,182,223,224];
RP=[112,113,115,116,118,119,77,76,124,125,122,121,80,79,247,248,250,251,256,257,254,253,280,281,226,227];

LF=[53,52,50,49,26,25,35,34,4,5,88,89,56,55,59,58,28,29,62,61,31,32,64,65,71,70];
RF=[85,86,92,91,95,94,128,127,130,131,151,152,101,100,98,97,133,134,104,103,107,106,136,137,110,109];

LO=[232,233,212,211,235,236,215,214,221,220,185,184,218,217,194,193,191,190,244,245,197,196,188,187];
RO=[229,230,260,259,269,268,263,262,277,278,238,239,266,265,284,283,287,286,241,242,293,292,290,289];